Barème des salaires minima catégoriels conventionnels
Actualisation 2023 – Arrêté n° 0050/MEPS/CAB du 19 mai 2023
SOLEX SAS – « Sécuriser aujourd'hui. Garantir demain. » Page 68 | 81
MAÎTRE D’EQUIPAGE 
Échelon Navigation côtière Cabotage international Long cours 
G01 137 931 182 792 229 796 
G02 140 763 186 545 234 514 
G03 143 595 190 298 239 233 
G04 146 427 194 051 243 950 
G05 149 259 197 805 248 669 
G06 152 091 201 558 253 387 
G07 154 923 205 311 258 105 
G08 157 756 209 064 262 823 
G09 160 587 212 817 267 542 
G10 163 420 216 570 272 259 
G11 166 251 220 323 276 978 
G12 169 084 224 076 281 696 
G13 171 915 227 830 286 415 
G14 174 747 231 583 291 132 
G15 177 579 235 336 295 851 
MAÎTRE MACHINE / OUVRIER MECANICIEN QUALIFIE / CHEF CUISINIER 
Échelon Navigation côtière Cabotage international Long cours 
H01 134 648 178 441 225 366 
H02 137 609 182 366 229 259 
H03 140 570 186 289 234 192 
H04 143 531 190 212 239 125 
H05 146 491 194 137 244 058 
H06 149 452 198 060 248 991 
H07 152 413 201 984 253 923 
H08 155 374 205 908 258 856 
H09 158 335 209 831 263 788 
H10 161 296 213 755 268 721 
H11 164 256 217 679 273 653 
H12 167 217 221 603 278 586 
H13 170 178 225 526 283 519 
H14 173 139 229 451 288 452 
H15 176 098 233 374 293 385 