Barème des salaires minima catégoriels conventionnels
Actualisation 2023 – Arrêté n° 0050/MEPS/CAB du 19 mai 2023
SOLEX SAS – « Sécuriser aujourd'hui. Garantir demain. » Page 69 | 81
CHEF MECANICIEN BREVETE 
Échelon Navigation côtière Cabotage international Long cours 
C01 280 895 380 844 498 724 
C02 287 524 389 833 510 495 
C03 294 154 398 820 522 265 
C04 300 783 407 809 534 036 
C05 307 413 416 798 545 806 
C06 314 043 425 786 557 578 
C07 320 672 434 775 569 348 
C08 327 302 443 764 581 119 
C09 333 931 452 752 592 890 
C10 340 561 461 741 604 660 
C11 347 190 470 728 616 431 
C12 353 820 479 717 628 201 
C13 360 449 488 706 639 972 
C14 367 079 497 694 651 742 
C15 373 708 506 683 663 514 
CHEF MECANICIEN DEROGATAIRE / SECOND MECANICIEN 
Échelon Navigation côtière Cabotage international Long cours 
D01 243 255 329 812 431 897 
D02 249 950 338 888 443 781 
D03 256 643 347 963 455 667 
D04 263 337 357 039 467 551 
D05 270 031 366 115 479 436 
D06 276 725 375 190 491 321 
D07 281 054 381 060 499 007 
D08 287 683 390 048 510 778 
D09 294 313 399 037 522 548 
D10 300 943 408 026 534 319 
D11 307 572 417 013 546 089 
D12 314 202 426 002 557 860 
D13 320 831 434 990 569 630 
D14 327 461 443 979 581 401 
D15 334 090 452 968 593 171 