Barème des salaires minima catégoriels conventionnels
Actualisation 2023 – Arrêté n° 0050/MEPS/CAB du 19 mai 2023
SOLEX SAS – « Sécuriser aujourd'hui. Garantir demain. » Page 70 | 81
CAPITAINE BREVETE 
Échelon Navigation côtière Cabotage international Long cours 
A01 298 078 404 142 529 234 
A02 304 708 413 130 541 004 
A03 311 337 422 119 552 775 
A04 317 967 431 108 564 545 
A05 324 596 440 096 576 316 
A06 331 226 449 085 588 086 
A07 337 855 458 074 599 858 
A08 344 485 467 061 611 628 
A09 351 114 476 050 623 399 
A10 357 744 485 038 635 170 
A11 364 373 494 027 646 940 
A12 371 003 503 016 658 711 
A13 377 632 512 004 670 481 
A14 384 262 520 992 682 252 
A15 390 891 529 981 694 023 
CAPITAINE DEROGATAIRES / SECOND CAPITAINE 
Échelon Navigation côtière Cabotage international Long cours 
B01 245 986 333 514 436 746 
B02 252 680 342 590 448 630 
B03 259 375 351 666 460 515 
B04 266 068 360 742 472 400 
B05 272 762 369 818 484 285 
B06 277 129 375 738 492 039 
B07 283 758 384 727 503 809 
B08 290 388 393 716 515 580 
B09 297 017 402 704 527 350 
B10 303 647 411 693 539 121 
B11 310 276 420 680 550 891 
B12 316 906 429 669 562 663 
B13 323 535 438 658 574 433 
B14 330 165 447 646 586 204 
B15 336 794 456 635 597 974 